NNによる検出器の正読、誤読判定において閾値を変化させることでRecall,Precisionがどう変化するのかを調べた

〇閾値: 0.5
recall_posi:0.9285975024015369
precision_posi:0.8969632486041058
recall_neg:0.4019165170556553
precision_neg:0.5009818566321478